Id,Category
1,0
2,0
3,1
4,1
5,0
6,1
7,1
8,0
9,0
10,0
11,0
12,1
13,0
14,0
15,0
16,0
17,0
18,0
19,1
20,1
21,0
22,0
23,0
24,0
25,1
26,1
27,0
28,0
29,1
30,0
31,1
32,0
33,1
34,0
35,0
36,1
37,0
38,0
39,0
40,0
41,0
42,0
43,1
44,0
45,1
46,0
47,1
48,1
49,0
50,0
51,0
52,0
53,0
54,0
55,1
56,1
57,1
58,1
59,0
60,1
61,1
62,1
63,0
64,1
65,0
66,0
67,0
68,1
69,1
70,0
71,1
72,1
73,0
74,0
75,0
76,1
77,0
78,0
79,0
80,0
81,1
82,0
83,0
84,0
85,1
86,1
87,1
88,1
89,1
90,1
91,0
92,0
93,1
94,1
95,0
96,0
97,0
98,0
99,1
100,0
101,0
102,1
103,0
104,0
105,1
106,1
107,0
108,0
109,0
110,1
111,0
112,1
113,0
114,1
115,1
116,1
117,0
118,1
119,1
120,0
121,0
122,1
123,0
124,0
125,1
126,0
127,0
128,0
129,0
130,1
131,0
132,0
133,0
134,0
135,0
136,1
137,1
138,0
139,0
140,1
141,0
142,1
143,0
144,0
145,0
146,0
147,0
148,0
149,1
150,1
151,1
152,0
153,0
154,0
155,0
156,0
157,0
158,0
159,1
160,0
161,0
162,0
163,0
164,1
165,0
166,0
167,0
168,0
169,1
170,1
171,1
172,0
173,1
174,1
175,0
176,0
177,0
178,1
179,0
180,1
181,1
182,0
183,0
184,1
185,1
186,1
187,0
188,0
189,1
190,0
191,1
192,1
193,0
194,1
195,0
196,1
197,1
198,1
199,1
200,1
201,0
202,1
203,1
204,1
205,1
206,0
207,0
208,0
209,1
210,0
211,1
212,1
213,1
214,0
215,1
216,1
217,1
218,0
219,0
220,1
221,1
222,0
223,0
224,1
225,0
226,0
227,0
228,0
229,0
230,0
231,0
232,0
233,0
234,0
235,1
236,1
237,0
238,0
239,0
240,1
241,0
242,0
243,0
244,1
245,0
246,0
247,1
248,0
249,0
250,1
251,1
252,1
253,0
254,0
255,1
256,0
257,0
258,0
259,1
260,0
261,0
262,0
263,0
264,1
265,0
266,0
267,1
268,0
269,0
270,0
271,0
272,1
273,0
274,0
275,0
276,0
277,1
278,1
279,1
280,0
281,0
282,0
283,1
284,0
285,0
286,1
287,0
288,1
289,0
290,0
291,1
292,1
293,1
294,1
295,0
296,0
297,0
298,0
299,1
300,0
301,1
302,0
303,0
304,1
305,0
306,0
307,1
308,1
309,0
310,1
311,0
312,0
313,0
314,1
315,0
316,1
317,1
318,0
319,0
320,1
321,0
322,0
323,0
324,0
325,1
326,0
327,1
328,0
329,0
330,0
331,0
332,0
333,1
334,1
335,0
336,0
337,0
338,1
339,0
340,0
341,0
342,1
343,0
344,1
345,1
346,1
347,1
348,1
349,1
350,0
351,0
352,1
353,1
354,0
355,0
356,0
357,1
358,0
359,1
360,0
361,1
362,0
363,1
364,0
365,0
366,0
367,1
368,1
369,1
370,1
371,1
372,1
373,1
374,1
375,1
376,0
377,1
378,0
379,0
380,0
381,0
382,0
383,1
384,0
385,1
386,0
387,1
388,0
389,1
390,0
391,0
392,0
393,0
394,0
395,0
396,0
397,1
398,0
399,0
400,0
401,0
402,0
403,1
404,0
405,1
406,1
407,0
408,1
409,1
410,0
411,0
412,0
413,1
414,1
415,0
416,0
417,1
418,0
419,0
420,0
421,0
422,0
423,0
424,0
425,0
426,0
427,1
428,1
429,1
430,0
431,0
432,1
433,0
434,1
435,0
436,0
437,0
438,0
439,0
440,0
441,0
442,1
443,0
444,1
445,0
446,0
447,1
448,1
449,0
450,1
451,0
452,1
453,0
454,1
455,0
456,1
457,0
458,1
459,1
460,1
461,0
462,1
463,0
464,0
465,0
466,1
467,1
468,0
469,1
470,0
471,1
472,0
473,0
474,0
475,0
476,0
477,0
478,1
479,1
480,0
481,1
482,0
483,1
484,0
485,1
486,0
487,0
488,1
489,0
490,0
491,1
492,0
493,1
494,1
495,1
496,0
497,0
498,0
499,1
500,0
501,0
502,1
503,0
504,0
505,1
506,0
507,0
508,1
509,0
510,1
511,0
512,0
513,1
514,0
515,1
516,0
517,1
518,0
519,0
520,0
521,0
522,0
523,0
524,0
525,0
526,1
527,1
528,0
529,1
530,0
531,0
532,1
533,0
534,1
535,1
536,0
537,1
538,0
539,1
540,0
541,0
542,1
543,1
544,0
545,1
546,0
547,0
548,0
549,0
550,0
551,0
552,1
553,1
554,0
555,0
556,1
557,0
558,1
559,0
560,0
561,0
562,0
563,0
564,0
565,0
566,1
567,0
568,1
569,0
570,1
571,1
572,0
573,0
574,0
575,0
576,1
577,0
578,0
579,0
580,1
581,0
582,1
583,1
584,0
585,1
586,1
587,0
588,0
589,0
590,1
591,0
592,0
593,0
594,1
595,1
596,1
597,0
598,0
599,0
600,0
601,1
602,0
603,0
604,0
605,0
606,0
607,1
608,0
609,1
610,1
611,1
612,0
613,1
614,1
615,0
616,0
617,1
618,1
619,0
620,1
621,0
622,0
623,1
624,1
625,0
626,1
627,1
628,0
629,1
630,1
631,0
632,1
633,0
634,1
635,0
636,0
637,0
638,0
639,1
640,0
641,0
642,0
643,1
644,0
645,1
646,1
647,0
648,1
649,1
650,0
651,0
652,1
653,0
654,0
655,1
656,1
657,1
658,1
659,0
660,0
661,1
662,0
663,0
664,1
665,0
666,0
667,1
668,1
669,0
670,1
671,1
672,1
673,1
674,0
675,0
676,1
677,1
678,1
679,1
680,1
681,1
682,0
683,0
684,1
685,1
686,0
687,0
688,1
689,0
690,1
691,0
692,1
693,0
694,1
695,0
696,1
697,1
698,0
699,0
700,0
701,1
702,0
703,0
704,0
705,1
706,0
707,1
708,0
709,0
710,1
711,1
712,1
713,1
714,1
715,1
716,1
717,1
718,0
719,1
720,1
721,0
722,1
723,0
724,0
725,0
726,0
727,0
728,0
729,0
730,0
731,0
732,0
733,0
734,0
735,1
736,1
737,0
738,0
739,0
740,0
741,0
742,0
743,1
744,1
745,1
746,0
747,0
748,0
749,1
750,1
751,1
752,0
753,0
754,0
755,0
756,0
757,0
758,0
759,0
760,1
761,1
762,0
763,1
764,0
765,1
766,0
767,1
768,0
769,0
770,1
771,1
772,0
773,0
774,0
775,0
776,1
777,1
778,0
779,1
780,0
781,1
782,1
783,1
784,1
785,1
786,0
787,1
788,0
789,1
790,1
791,0
792,1
793,1
794,1
795,0
796,0
797,0
798,0
799,1
800,0
801,0
802,0
803,0
804,0
805,1
806,0
807,1
808,1
809,0
810,0
811,0
812,1
813,0
814,1
815,0
816,1
817,0
818,1
819,0
820,0
821,0
822,0
823,1
824,1
825,1
826,1
827,0
828,0
829,1
830,1
831,0
832,0
833,1
834,1
835,0
836,1
837,0
838,0
839,1
840,1
841,1
842,1
843,0
844,0
845,0
846,1
847,1
848,0
849,0
850,0
851,0
852,0
853,1
854,0
855,0
856,1
857,1
858,0
859,0
860,1
861,0
862,0
863,1
864,1
865,1
866,0
867,1
868,0
869,1
870,1
871,0
872,1
873,0
874,0
875,0
876,0
877,1
878,0
879,1
880,0
881,0
882,0
883,0
884,1
885,0
886,1
887,0
888,0
889,1
890,0
891,0
892,0
893,1
894,0
895,0
896,0
897,1
898,1
899,1
900,0
901,1
902,0
903,1
904,1
905,0
906,0
907,1
908,0
909,0
910,0
911,0
912,0
913,0
914,1
915,0
916,1
917,1
918,1
919,0
920,0
921,1
922,1
923,1
924,0
925,1
926,0
927,0
928,1
929,0
930,0
931,1
932,0
933,1
934,1
935,1
936,0
937,0
938,1
939,0
940,1
941,0
942,0
943,1
944,1
945,1
946,0
947,0
948,1
949,1
950,0
951,0
952,1
953,0
954,0
955,0
956,0
957,0
958,0
959,0
960,0
961,0
962,1
963,0
964,0
965,0
966,0
967,0
968,0
969,0
970,0
971,0
972,1
973,0
974,1
975,0
976,1
977,0
978,1
979,0
980,0
981,0
982,0
983,1
984,1
985,1
986,0
987,0
988,1
989,0
990,0
991,0
992,0
993,1
994,0
995,0
996,0
997,1
998,1
999,1
1000,1
1001,0
1002,0
1003,0
1004,1
1005,1
1006,0
1007,0
1008,0
1009,1
1010,0
1011,1
1012,1
1013,0
1014,1
1015,0
1016,0
1017,0
1018,0
1019,1
1020,1
1021,1
1022,1
1023,1
1024,1
1025,0
1026,0
1027,0
1028,1
1029,1
1030,1
1031,1
1032,1
1033,0
1034,0
1035,0
1036,1
1037,0
1038,0
1039,0
1040,1
1041,0
1042,1
1043,1
1044,0
1045,1
1046,1
1047,1
1048,0
1049,0
1050,0
1051,0
1052,1
1053,0
1054,0
1055,0
1056,0
1057,0
1058,1
1059,0
1060,1
1061,0
1062,1
1063,1
1064,1
1065,1
1066,0
1067,0
1068,0
1069,1
1070,0
1071,0
1072,0
1073,0
1074,1
1075,1
1076,0
1077,0
1078,0
1079,0
1080,0
1081,1
1082,0
1083,1
1084,0
1085,1
1086,0
1087,1
1088,0
1089,0
1090,1
1091,1
1092,0
1093,0
1094,0
1095,1
1096,1
1097,0
1098,1
1099,1
1100,1
1101,0
1102,1
1103,0
1104,1
1105,0
1106,1
1107,1
1108,0
1109,0
1110,1
1111,0
1112,0
1113,1
1114,1
1115,0
1116,0
1117,0
1118,1
1119,0
1120,1
1121,0
1122,0
1123,0
1124,1
1125,0
1126,0
1127,0
1128,0
1129,1
1130,0
1131,1
1132,0
1133,1
1134,0
1135,0
1136,1
1137,0
1138,0
1139,0
1140,0
1141,1
1142,1
1143,1
1144,1
1145,0
1146,1
1147,1
1148,0
1149,0
1150,0
1151,1
